39 14
13 17 5 1 1/1/XIV#
13 19 5 1 2/1/XIV#
13 18 5 1 3/1/XIV#
14 13 4 1 1/3/XIV#
14 14 5 1 2/3/XIV#
13 15 5 1 3/3/XIV#
10 22 8 1 2/4/XIV#
8 22 5 1 2/4/XIV#
20 11 5 2 1/2#
11 27 4 1/1/XXI#
12 27 4 1 3/1/XXI#
3 2 6 1 1/1/Res#
4 2 4 1 2/1/Res#
15 5 5 1 2/2/Res#
25
5 2 1 1/2/XIV#
4 2 1 2/2/XIV#
5 2 1 3/2/XIV#
3 2 3 XIV#
5 2 1 3/4/XIV#
4 2 1 1/2/XXI#
5 2 1 2/2/XXI#
5 2 1 3/2/XXI#
4 2 1 1/2/XXI#
4 2 1 2/3/XXI#
4 2 1 3/3/XXI#
3 2 3 XXI#
5 5 1 2/1/XX#
5 5 1 3/1/XX#
5 5 1 1/2/XX#
5 5 1 2/2/XX#
5 5 1 3/2/XX#
5 5 1 1/3/XX#
5 5 1 2/3/XX#
5 5 1 3/3/XX#
3 5 3 XX#
4 6 2 1/1#
3 6 2 3/1#
2 6 2 2/1#
4 8 2 2/2#